eps:         1.5
min_samples: 5
Silhouette score including outliers: -0.6473111550919418
Silhouette score excluding outliers: -0.16511184955431216

  Cluster ID    Cluster size    Min Dr Scratch    Max Dr Scratch    Min CC    Max CC    Min blocks    Max blocks    Min procedures    Max procedures    Min sprites    Max sprites
------------  --------------  ----------------  ----------------  --------  --------  ------------  ------------  ----------------  ----------------  -------------  -------------
          -1           10555                16                21         1       246             0         29378                 0               372              0            408
           0              73                16                21         1         6           224           233                 0                 1              5             13
           1              25                16                19         1         5           255           262                 0                 1             11             14
           2            4284                16                21         1        10            34           219                 0                 3              1             13
           3               5                20                20        17        17          6891          6892               145               146             29             29
           4               8                17                19         7         8           368           369                 0                 2             13             13
           5              12                20                20        44        44          4946          4946                71                71             28             28
           6              53                20                20        20        20          3203          3206                51                51             17             17
           7              11                16                19         4         7           190           192                 0                 1              4              8
           8              12                16                19         2         4           269           271                 0                 2              9             13
           9               5                19                19        14        14          2386          2386                 0                 0             49             49
          10              29                17                18        24        24           435           437                 0                 0              9             10
          11               5                18                18        11        12           655           656                 5                 5              7              7
          12             117                17                17        19        19          2397          2408                30                30             28             30
          13              31                20                20        61        61          5401          5403                92                92             20             20
          14               7                16                17         6         8           181           183                 0                 0              3              5
          15               5                18                18        35        35          4274          4275                 0                 0             50             50
          16              47                16                16        30        30          1658          1659                 0                 0              9             10
          17              23                17                17       123       123          1487          1487                 1                 1              8              8
          18              14                16                19         5        10           191           195                 0                 0              5              8
          19               6                20                20        38        38          2673          2673                 0                 0             19             19
          20              67                16                20         2         6           232           246                 0                 2              5             10
          21              55                16                20         2         5           279           290                 0                 1              8             13
          22              11                20                20        17        17          1107          1107                 4                 4             12             12
          23              12                16                19         2         5           305           309                 0                 1              9             13
          24               7                20                20        16        16          1619          1619                 3                 3             20             20
          25              19                16                18         8        10            91            97                 0                 0              2              5
          26              22                16                19         4         8           276           279                 0                 0              6             10
          27               6                20                20        15        15          7435          7436               194               194             28             28
          28              22                16                19         2         6           272           278                 0                 0              9             12
          29              36                16                19         4         5           702           706                 0                 0             15             16
          30              10                20                20        22        22          3107          3111                54                54              5              6
          31               5                17                17        28        28          4510          4510                 0                 0             30             30
          32               6                16                19         2         4           313           315                 0                 0             11             13
          33              21                20                20        19        19          8219          8220               105               105             20             20
          34               5                20                20        45        45           936           936                 0                 0             14             14
          35              30                19                20         9         9           381           385                 1                 1              5              6
          36              27                20                20        29        29          4418          4422                55                55             13             14
          37               5                16                19         6         7           372           373                 0                 0             13             14
          38              29                16                21         2         6           248           252                 0                 2              8             11
          39              13                16                18         5         8           200           204                 0                 1             10             12
          40              11                16                17         2         3           300           304                 0                 1             11             13
          41               5                18                18        20        20          2901          2901                25                25             51             51
          42              29                16                21         2         5           219           224                 0                 2              6             12
          43               7                17                17        21        21           413           414                 0                 0              9              9
          44               6                17                17        17        17           673           673                 0                 0             16             16
          45              10                16                18         4         6           349           352                 0                 0             13             15
          46               8                16                16        14        14           621           621                 0                 0             17             17
          47              12                16                19         2         6           260           262                 0                 1              7             10
          48               5                20                20        28        28           686           686                 6                 6             11             11
          49               8                16                17         8        10            83            85                 0                 0              3              3
          50              13                19                19        16        16           659           661                 1                 1             13             13
          51               5                18                18         6         6           828           828                 0                 0             25             25
          52               8                19                19        17        17          4219          4219                35                35             14             14
          53               6                19                19         6         6          1218          1218                 0                 0             38             38
          54              12                20                20         9         9           395           395                 5                 5              8              8
          55              11                16                17         2         3           264           267                 0                 0             11             15
          56               9                18                18         3         3          1120          1121                 0                 0             74             74
          57              11                19                19        64        64          7405          7405                 1                 1             99             99
          58               8                16                17        14        14           145           148                 0                 0              2              3
          59              69                18                18        17        17          4568          4574                 8                 8             84             84
          60              14                20                20        19        19          2488          2489                11                11             49             49
          61               7                16                19         4         6           385           386                 0                 0             11             12
          62               5                18                18        37        37          2226          2226                 0                 0             27             27
          63               5                16                20         7         9           389           390                 0                 0              9             10
          64               8                16                17         2         4           349           352                 0                 0             11             12
          65              17                20                20        14        14          1139          1139                 0                 0             18             18
          66              33                19                19        60        60          5138          5139                11                11             32             32
          67               6                17                17        19        19          1948          1948                26                26             27             27
          68              95                16                16       121       121           761           764                 3                 3              6              6
          69              16                16                20         2         4           235           238                 0                 0              9             13
          70              22                16                19         3         4            93           100                 3                 3              4              5
          71               9                16                19         2         3           241           244                 0                 1             12             15
          72               6                18                18        16        16           747           748                 0                 0             18             18
          73               9                20                20        27        27          1901          1902                18                19             27             27
          74               8                16                19         1         4           231           234                 0                 0             13             14
          75               6                20                20        12        12          1411          1411                10                10             32             32
          76               7                18                18         7         7           521           522                 0                 0             13             13
          77              14                20                20        59        59         17664         17664               236               236             29             29
          78              11                16                18         4         7           252           256                 0                 0              4              8
          79               8                20                20        29        29          4546          4547                55                55             13             13
          80              23                17                17        12        12          1317          1319                 0                 0             26             26
          81              10                20                20        33        33          3261          3261                48                48             19             19
          82              13                17                18         6         7           132           134                 2                 3              3              4
          83              11                16                19         2         5           254           257                 0                 0              8             11
          84              39                16                19         3         4           105           112                 3                 4              4              5
          85               9                20                20        19        19          2312          2313                 2                 2             15             15
          86               5                16                17         2         3           185           185                 0                 0              3              4
          87              10                16                16         2         2          1921          1921                 0                 0             52             52
          88               6                16                18         2         3           240           241                 0                 0             11             13
          89               5                18                18        10        10           921           921                 0                 0             34             34
          90              12                20                20        29        29          3413          3413                14                14             12             12
          91               5                17                17        22        22          1118          1118                 0                 0             20             20
          92               6                19                19        17        17          6907          6907                 0                 0             70             70
          93              10                16                18        13        14           138           140                 0                 0              4              5
          94               7                16                19         2         4           318           320                 0                 1              9             10
          95              40                19                19        16        16           521           521                 4                 4              6              6
          96              10                16                18         2         4           208           210                 0                 1             12             14
          97               9                18                18        18        18           414           415                 2                 2             12             12
          98              10                19                19        55        55          7846          7846                88                88             10             10
          99              40                17                20        11        11          1113          1115                 0                 1             18             18
         100               5                16                18         7         7           240           241                 0                 0              8              9
         101               9                17                19         3         5           332           335                 0                 0              8              9
         102               6                21                21        26        26          6803          6803                54                54             45             45
         103              10                21                21        18        18          4361          4361                55                55             22             22
         104              29                20                20         9         9          1434          1436                 0                 0             28             28
         105               7                16                18         5         6           404           406                 0                 0             17             18
         106               5                18                18        11        11           882           883                 1                 1             19             19
         107               7                16                19         4         6           321           322                 0                 0             13             14
         108              15                16                16         2         2           437           437                 1                 1             19             19
         109               5                18                18        52        52           489           489                 4                 4              7              7
         110              35                20                20        59        59         17724         17724               238               238             29             29
         111               6                16                19         2         4           354           356                 0                 0             12             12
         112              46                18                18        19        19           522           523                 0                 1              5              5
         113              27                20                20         5         5          2012          2013                 5                 5             45             45
         114               4                16                19         5         6           314           315                 0                 1             12             13
         115               5                16                18         2         2           212           214                 0                 0             13             14
         116               8                20                20        31        31          2591          2591                 5                 6             15             15
         117              10                19                19        11        11           737           737                 0                 0             19             19
         118               8                17                17        10        10           239           239                 2                 2              6              6
         119               5                20                20        21        21          2637          2637                 8                 8             30             30
         120              12                16                16        11        11           169           169                 1                 1              9              9
         121              16                18                18        11        11           477           478                 4                 4             15             15
         122              16                19                19        11        11           524           525                 1                 1             10             10
         123              16                20                20        14        14          1164          1164                 0                 0             22             22
         124               5                16                19         3         4           322           324                 0                 0              7              8
         125               5                16                19         2         3           359           361                 0                 1             14             15
         126              23                18                18         5         5           525           525                 0                 0             25             25
         127               7                16                18         5         6           207           209                 0                 0             11             13
         128               5                19                19        18        18          2592          2592                57                57             19             19
         129              34                17                17        16        16          5288          5290                 0                 0            108            108
         130              84                20                20        21        21          1921          1926                 2                 2             33             34
         131               5                17                19         8        10           204           206                 0                 0              5              6
         132               6                18                18         7         7           532           532                 0                 0             14             14
         133              11                17                17         2         2           568           569                 0                 0             27             27
         134               8                16                17         5         6           882           884                 0                 0             36             37
         135               8                17                17         4         4           846           846                 0                 0             36             36
         136               5                16                17         2         4           302           304                 0                 0              9             10
         137               8                19                19        70        70          5205          5205               158               158             23             23
         138               6                20                20        20        20          3208          3209                51                51             16             17
         139               5                17                17        18        18          2664          2664                 0                 0             91             91
         140              24                19                19        14        14          3196          3197                 0                 0             47             47
         141               7                19                19        16        16          1261          1261                24                24              8              8
         142              14                17                17        22        22          2640          2641                29                29              4              4
         143              12                19                19         4         4           730           731                 0                 0             21             21
         144               9                19                19         6         6           462           464                 9                 9             10             10
         145               8                16                19        14        15           164           167                 0                 0              3              5
         146               6                18                18        20        20          2877          2877                25                25             50             50
         147               5                17                19         7         8           313           314                 0                 0             10             12
         148               8                16                19         2         3           271           273                 0                 1             12             15
         149               7                20                20        17        17           731           732                 4                 4              5              5
         150               6                20                20        29        29          4428          4430                55                55             13             14
         151               5                19                19        19        19          1769          1769                19                19             20             20
         152              11                17                17         6         6           580           581                 0                 0             30             30
         153              14                16                21         2         4           157           160                 0                 3              2              4
         154               5                20                20        13        13           654           655                 7                 7             11             11
         155               5                20                20        55        55          3130          3130                14                14             13             13
         156               8                19                19        49        49          1628          1628                 0                 0             16             16
         157              20                20                20        14        14          1787          1789                20                20             25             25
         158               9                17                19         2         4           291           293                 0                 0              9             11
         159              16                17                17        11        11           680           680                 0                 0             23             23
         160               5                20                20        32        32          3776          3776               126               126             17             17
         161               5                16                19         3         4           410           412                 0                 0             10             12
         162               5                17                17        14        14          3417          3417                 0                 0             48             48
         163              10                16                20         5         8           267           269                 0                 0              7             10
         164               6                19                19        76        76           995           996                 8                 8              8              8
         165              11                18                18         5         5           271           272                 0                 0             13             13
         166               5                16                18         2         3           279           280                 0                 0              7              9
         167               5                19                19        23        23          1337          1337                 0                 0             36             36
         168               3                16                17         7         7            73            74                 0                 0              4              5
         169               6                16                18         4         5           453           454                 0                 0             18             20
         170               7                20                20        11        11          3491          3491                54                54             13             13
         171               5                16                20         2         4           263           265                 0                 1             10             12
         172               8                20                20        16        16           851           853                 0                 0             18             18
         173               5                17                17         5         5          1596          1596                 0                 0             24             24
         174               6                18                18        16        16           737           738                 0                 0             17             18
         175               7                17                17        16        16           204           204                 0                 0              5              5
         176               5                17                17         6         6           446           447                 2                 2             15             15
         177               6                20                20        25        25          1703          1703                 1                 1             37             37
         178               8                17                17        18        18           465           465                 0                 0             19             19
         179               5                16                19         4         6           310           311                 0                 0             11             12
         180               5                18                18        14        14           518           519                 5                 5              2              2
         181              32                20                20         6         6          1300          1301                 0                 0             17             17
         182              11                20                20        29        29          4414          4414                55                55             13             13
         183               6                18                18        10        10          1407          1407                 0                 0             49             49
         184               7                19                19         8         8           762           764                 0                 0             13             13
         185               5                17                17         8         8           221           222                 0                 1              7              9
         186               5                16                16         2         3           205           207                 0                 0             13             14
         187               5                20                20        12        12           468           470                 3                 3              8              9
         188               6                19                19        20        20           394           394                 8                 8             12             12
         189               5                16                19         2         3           330           330                 0                 0             11             12
         190               9                20                20        26        26          4942          4942               102               102             16             16
         191               8                16                19         4         6           284           287                 0                 0             13             15
         192               5                17                18         5         6           211           211                 3                 3              8              8
         193               6                19                19         9         9          1549          1549                 6                 6             33             33
         194               6                19                20         5         5           457           458                 0                 0             13             13
         195               5                20                20         9         9          1979          1979                 2                 2             37             37
         196               5                17                17        16        16          1438          1438                 0                 0             35             35
         197               6                19                20         4         5           803           803                 0                 0             18             19
         198               6                17                17         5         5          1358          1358                 0                 0             96             96
         199               7                20                20         6         6           574           574                 0                 0             15             15
         200               6                16                17         4         6           351           352                 0                 0              9             10
         201               9                16                19         2         5           335           337                 0                 0             11             14
         202              18                20                20        11        11          3535          3537                54                54             13             14
         203               7                19                19         8         8           459           459                 0                 0              9              9
         204               4                16                18         2         2           261           263                 0                 0             10             11
         205               5                16                18         8        10           250           252                 0                 0              8              9
         206               4                16                18         4         6           168           169                 0                 0              4              4
         207              18                19                19         5         5           695           697                 0                 0             21             21
         208               5                20                20        25        25          1664          1664                16                16             14             14
         209               4                16                19         2         2           337           339                 0                 0             14             15
         210               6                16                19        14        15           158           161                 0                 0              3              5
         211               6                16                19         5         5           281           282                 0                 0              7              9
         212               9                19                19         5         6           700           702                 0                 0             21             21
         213               4                17                17         3         4           267           268                 0                 0             11             11
         214               5                19                19        36        36          5677          5677                14                14            275            275
         215              10                19                19        21        21           767           770                 1                 1             15             15
         216              31                18                18         4         4           809           809                 0                 0              5              5
         217               6                19                19        32        32          1141          1142                 0                 0             22             22
         218              25                18                18        17        17           422           424                 2                 2             16             16
         219               5                17                17        30        31          2262          2264                 0                 0             31             31
         220               5                16                17         4         4           103           104                 4                 4              2              2
         221               5                20                20        39        39          6429          6430                31                31             54             54
         222               5                16                18         2         3           305           307                 0                 0             13             15
         223               5                16                19         2         3           304           306                 2                 3              6              8
         224               8                16                19         3         4           422           423                 0                 0             13             14
         225               5                16                20         4         6           381           382                 0                 1             12             14
         226               5                16                17         2         3           363           365                 0                 1             14             15
         227               4                16                17         8         8           182           184                 0                 0              5              6
         228               5                18                18         5         5          1144          1144                 0                 0             22             22
         229               4                16                17         2         3           245           246                 2                 3              8              9
         230              16                18                19         9        10           456           459                 0                 0             18             18
         231               8                20                20        20        21          2659          2659                26                26             19             19
         232               5                16                20         5         7           311           313                 0                 0             15             16
         233               3                16                18         6         7            98            98                 0                 0              6              7
         234               5                16                18         8        10           234           236                 0                 0              6              8
         235               5                16                17         9        11           195           196                 0                 1              4              5
         236               5                16                16         2         2            98            98                 0                 0              1              1