eps:         7.5
min_samples: 5
Silhouette score including outliers: -0.05479322142201135
Silhouette score excluding outliers: 0.11914370929690117

  Cluster ID    Cluster size    Min Dr Scratch    Max Dr Scratch    Min CC    Max CC    Min blocks    Max blocks    Min procedures    Max procedures    Min sprites    Max sprites
------------  --------------  ----------------  ----------------  --------  --------  ------------  ------------  ----------------  ----------------  -------------  -------------
          -1            2852                16                21         1       246             0         29378                 0               372              0            408
           0           12655                16                21         1        35            16           873                 0                19              1             50
           1              12                18                20        11        18          1053          1069                12                20              4             13
           2               5                20                20        17        17          6891          6892               145               146             29             29
           3              92                16                21         1        17           974          1041                 0                12              4             38
           4              15                20                20        44        44          4944          4950                71                71             28             28
           5              64                20                20        20        20          3197          3218                51                51             16             18
           6              17                20                20        26        26          4942          4960               100               102             15             18
           7               5                19                19        14        14          2386          2386                 0                 0             49             49
           8             132                17                17        19        19          2385          2423                30                30             27             30
           9              36                20                20        61        61          5401          5411                92                92             20             21
          10               8                18                18        35        35          4267          4275                 0                 0             50             50
          11              12                20                20        19        19          2305          2321                 2                 2             15             15
          12             192                16                21         1        25           875           966                 0                12              6             43
          13              51                16                20        28        31          1649          1662                 0                 2              9             14
          14              29                17                19       123       123          1487          1500                 1                 1              8              9
          15               9                20                20        38        38          2671          2677                 0                 0             19             19
          16             177                16                21         3        21          1098          1173                 0                10             11             40
          17               8                20                20        16        16          1613          1619                 3                 3             20             20
          18               6                20                20        15        15          7435          7436               194               194             28             28
          19               9                20                20        12        16          1410          1411                 7                10             28             32
          20              13                20                20        22        22          3101          3117                54                54              5              6
          21               7                16                19         2         8          1343          1353                 0                 0             30             35
          22               6                17                17        28        28          4510          4514                 0                 0             30             31
          23              11                16                20         4        13          1285          1297                 0                 6             25             32
          24              22                20                20        19        19          8219          8222               105               105             20             20
          25               7                20                20        45        45           934           939                 0                 0             14             14
          26               5                16                18        16        19          2262          2269                11                13             47             49
          27              56                20                20        29        29          4414          4444                55                55             13             15
          28               6                17                18        10        14          1870          1878                 0                 2             39             41
          29               6                18                18        15        17          4540          4546                 8                 8             83             84
          30               5                18                18        20        20          2901          2901                25                25             51             51
          31               9                16                19        27        31           558           565                 1                 7              4             15
          32              15                20                20        59        59         17658         17664               236               236             29             29
          33               5                16                21        10        16          1215          1226                 0                 3             22             29
          34               9                19                19        17        17          4219          4221                35                35             14             14
          35              11                17                19         3        12          1216          1222                 0                 4             33             43
          36              12                17                18         3         5          1111          1123                 0                 0             73             78
          37              13                19                19        64        64          7405          7408                 1                 1             99             99
          38              76                18                18        17        17          4561          4583                 8                 8             84             84
          39              33                16                20         3        17          1048          1072                 0                 9             10             35
          40              15                20                20        19        19          2488          2493                11                11             49             49
          41               5                18                18        37        37          2226          2226                 0                 0             27             27
          42               6                20                20        22        22          2932          2938                67                67             13             14
          43               8                17                21        10        19          1227          1236                 0                 5             21             30
          44              36                19                20        60        60          5138          5149                11                11             32             32
          45              10                17                17        19        19          1946          1953                26                26             27             27
          46             102                16                17       121       121           761           775                 3                 4              6              8
          47               7                17                19        15        15          1747          1752                25                25             26             26
          48              13                20                20        27        27          1895          1910                18                19             27             27
          49               8                20                20        29        29          4546          4547                55                55             13             13
          50               6                20                20        20        20          2690          2693                37                37             12             13
          51              41                16                20         3        19          1312          1332                 0                 4             25             36
          52              12                20                20        33        33          3255          3264                48                48             19             19
          53               5                18                18        22        22           949           952                15                15              5              6
          54              63                16                20         5        19          1415          1443                 0                 7             24             35
          55              13                17                20         5        14          1919          1928                 0                 0             30             46
          56              12                16                20         3         9          1269          1281                 0                 1             16             36
          57              10                16                16         2         2          1921          1921                 0                 0             52             52
          58              12                20                20        29        29          3413          3413                14                14             12             12
          59              10                17                19        22        32          1118          1127                 0                 0             20             25
          60              11                21                21        18        18          4361          4364                55                55             22             22
          61               7                19                19        17        17          6907          6909                 0                 0             70             70
          62               4                17                20        10        18          1090          1098                 0                 3             27             32
          63              10                20                20        31        31          2591          2596                 5                 6             15             15
          64              10                19                19        55        55          7846          7846                88                88             10             10
          65              10                17                20         8        18          1204          1217                 0                 0             12             23
          66               6                21                21        26        26          6803          6803                54                54             45             45
          67               5                17                17        19        19          2551          2556                31                31             38             40
          68               5                18                18        52        52           489           489                 4                 4              7              7
          69              41                20                20        59        59         17724         17739               238               238             29             30
          70              31                20                20         5         5          2003          2018                 5                 5             45             46
          71               7                20                20        21        21          2635          2639                 8                 8             30             30
          72              10                16                19         4         9          1138          1153                 0                 0             29             42
          73               5                19                19        18        18          2592          2592                57                57             19             19
          74              39                17                17        16        16          5285          5301                 0                 0            108            108
          75              88                20                20        21        21          1918          1934                 2                 2             33             34
          76              25                16                20         3        17          1078          1094                 0                 6             15             37
          77               8                19                19         9        13          1549          1553                 5                 6             28             33
          78               6                16                19         3        10          1130          1136                 0                 2             28             38
          79              10                19                19        70        70          5201          5212               158               158             22             23
          80               6                17                17        18        18          2664          2666                 0                 0             91             91
          81              29                19                19        14        14          3190          3202                 0                 0             47             49
          82               9                19                19        16        16          1258          1263                24                24              8              8
          83              19                17                17        22        23          2638          2649                26                29              2              5
          84               6                18                18        20        20          2877          2877                25                25             50             50
          85              10                16                21         6        16          1242          1249                 0                 7             22             35
          86               8                19                20        14        19          1769          1776                19                22             20             24
          87               6                17                17        30        31          2262          2265                 0                 0             31             31
          88               6                16                17         3        11          1635          1638                 0                 0             43             52
          89               5                20                20        55        55          3130          3130                14                14             13             13
          90               8                19                19        49        49          1628          1628                 0                 0             16             16
          91              21                20                20        14        14          1787          1795                20                20             25             25
          92              13                16                20        23        29          1692          1710                 0                 5             37             42
          93               6                17                17        10        10          2156          2166                 0                 0             49             50
          94               5                20                20        32        32          3776          3776               126               126             17             17
          95               5                17                17        14        14          3417          3417                 0                 0             48             48
          96               7                17                20        22        27          1525          1539                 0                 6             18             23
          97               5                17                17        68        68         14733         14736                 0                 0             54             54
          98               6                20                20        36        36          3658          3667                 5                 5             44             44
          99               6                16                19         2         9           962           972                 0                 4             42             47
         100               7                19                19        76        76           993           996                 8                 8              8              8
         101               9                18                19        21        23          1337          1342                 0                 4             36             37
         102              12                20                20        11        11          3491          3500                54                54             13             14
         103               6                17                17         5         5          1596          1598                 0                 0             24             24
         104              25                20                20        11        11          3529          3547                54                54             12             15
         105               5                18                18        23        23          3074          3076                 0                 1             57             59
         106               5                20                20        21        21          3828          3831                13                13             56             56
         107               5                17                17        19        19           554           557                14                14              7              7
         108               7                17                20        15        27           911           922                 0                 5              6             14
         109              36                20                20         6         6          1300          1309                 0                 0             17             18
         110               5                16                19        21        28          1020          1029                 0                 5             18             23
         111               6                18                18        10        10          1407          1407                 0                 0             49             49
         112               5                16                18        13        18          1690          1700                 0                 3             37             47
         113               5                20                20        12        17          1378          1382                12                13             13             16
         114               5                20                20        16        16          1905          1907                11                11             24             24
         115               6                18                18        75        75          6626          6634                 0                 0            109            109
         116               6                19                20         9        12          1979          1985                 2                 4             37             39
         117               6                17                17         5         5          1358          1358                 0                 0             96             96
         118               7                16                19        22        33           688           699                 0                 0             20             28
         119               6                20                20        25        25          1664          1666                16                16             14             14
         120               7                19                20        12        14          1454          1466                 0                 3             41             45
         121               7                16                19        31        32          1137          1142                 0                 0             16             22
         122               5                18                20        13        16          1691          1691                 0                 6             30             30
         123               5                19                19        36        36          5677          5677                14                14            275            275
         124               6                16                20         3        13          1196          1205                 0                 2             28             36
         125               8                20                20        39        39          6429          6437                31                31             54             55
         126               5                19                20        22        27          1501          1510                 0                 0             20             21
         127               5                16                18         6        15          1356          1361                 0                 0             28             31
         128               5                17                19        13        18           751           753                12                18              4             10
         129              10                20                20        20        21          2659          2667                26                26             19             20