eps:         8.0
min_samples: 5
Silhouette score including outliers: -0.07313401638932862
Silhouette score excluding outliers: 0.08454992264948487

  Cluster ID    Cluster size    Min Dr Scratch    Max Dr Scratch    Min CC    Max CC    Min blocks    Max blocks    Min procedures    Max procedures    Min sprites    Max sprites
------------  --------------  ----------------  ----------------  --------  --------  ------------  ------------  ----------------  ----------------  -------------  -------------
          -1            2669                16                21         1       246             0         29378                 0               372              0            408
           0           12910                16                21         1        35            16           966                 0                22              1             50
           1              12                18                20        11        18          1053          1069                12                20              4             13
           2              27                16                21         8        21          1198          1236                 0                 5             12             33
           3               5                20                20        17        17          6891          6892               145               146             29             29
           4              94                16                21         1        17           974          1041                 0                12              4             38
           5              15                20                20        44        44          4944          4950                71                71             28             28
           6              64                20                20        20        20          3197          3218                51                51             16             18
           7              17                20                20        26        26          4942          4960               100               102             15             18
           8               5                19                19        14        14          2386          2386                 0                 0             49             49
           9             132                17                17        19        19          2385          2423                30                30             27             30
          10             222                16                21         3        24          1072          1178                 0                10             11             46
          11              36                20                20        61        61          5401          5411                92                92             20             21
          12              11                16                21         6        16          1241          1249                 0                 7             19             35
          13               8                18                18        35        35          4267          4275                 0                 0             50             50
          14              12                20                20        19        19          2305          2321                 2                 2             15             15
          15               5                20                20        44        44           868           878                 1                 1             18             19
          16              51                16                20        28        31          1649          1662                 0                 2              9             14
          17              29                17                19       123       123          1487          1500                 1                 1              8              9
          18               9                20                20        38        38          2671          2677                 0                 0             19             19
          19               8                20                20        16        16          1613          1619                 3                 3             20             20
          20               6                20                20        15        15          7435          7436               194               194             28             28
          21               9                20                20        12        16          1410          1411                 7                10             28             32
          22               6                19                20        16        17          1472          1479                 0                 7             26             29
          23              13                20                20        22        22          3101          3117                54                54              5              6
          24               7                16                19         2         8          1343          1353                 0                 0             30             35
          25               6                17                17        28        28          4510          4514                 0                 0             30             31
          26              24                16                20         3        13          1269          1297                 0                 6             16             36
          27              22                20                20        19        19          8219          8222               105               105             20             20
          28               9                20                20        39        45           926           942                 0                 3             11             14
          29               5                16                18        16        19          2262          2269                11                13             47             49
          30              56                20                20        29        29          4414          4444                55                55             13             15
          31               7                17                18        10        21          1867          1878                 0                 2             39             41
          32               6                18                18        15        17          4540          4546                 8                 8             83             84
          33               5                18                18        20        20          2901          2901                25                25             51             51
          34              64                16                20         5        19          1415          1448                 0                 7             24             35
          35              15                20                20        59        59         17658         17664               236               236             29             29
          36               9                19                19        17        17          4219          4221                35                35             14             14
          37              10                17                19         3        12          1216          1222                 0                 4             38             43
          38              12                17                18         3         5          1111          1123                 0                 0             73             78
          39              14                19                19        64        64          7405          7416                 1                 1             99             99
          40              76                18                18        17        17          4561          4583                 8                 8             84             84
          41              38                16                20         3        17          1045          1072                 0                 9             10             41
          42              15                20                20        19        19          2488          2493                11                11             49             49
          43               5                18                18        37        37          2226          2226                 0                 0             27             27
          44               6                20                20        22        22          2932          2938                67                67             13             14
          45               5                16                20         9        14          1731          1736                 0                 0             58             66
          46              36                19                20        60        60          5138          5149                11                11             32             32
          47              10                17                17        19        19          1946          1953                26                26             27             27
          48             102                16                17       121       121           761           775                 3                 4              6              8
          49               6                16                18         6        15          1356          1363                 0                 1             27             31
          50               7                17                19        15        15          1747          1752                25                25             26             26
          51              13                20                20        27        27          1895          1910                18                19             27             27
          52               8                20                20        29        29          4546          4547                55                55             13             13
          53               6                20                20        20        20          2690          2693                37                37             12             13
          54              43                16                20         3        19          1312          1332                 0                 4             24             36
          55              12                20                20        33        33          3255          3264                48                48             19             19
          56               5                18                18        22        22           949           952                15                15              5              6
          57              14                17                20         5        14          1919          1931                 0                 0             30             46
          58              10                16                16         2         2          1921          1921                 0                 0             52             52
          59              12                20                20        29        29          3413          3413                14                14             12             12
          60              10                17                19        22        32          1118          1127                 0                 0             20             25
          61              11                21                21        18        18          4361          4364                55                55             22             22
          62               7                19                19        17        17          6907          6909                 0                 0             70             70
          63              10                20                20        31        31          2591          2596                 5                 6             15             15
          64              10                19                19        55        55          7846          7846                88                88             10             10
          65               6                21                21        26        26          6803          6803                54                54             45             45
          66               6                16                19        25        32           770           780                 0                 7              7             14
          67               5                17                17        19        19          2551          2556                31                31             38             40
          68               4                16                20         8        16          1405          1414                 0                 0             30             38
          69               5                18                18        52        52           489           489                 4                 4              7              7
          70              41                20                20        59        59         17724         17739               238               238             29             30
          71              31                20                20         5         5          2003          2018                 5                 5             45             46
          72               7                20                20        21        21          2635          2639                 8                 8             30             30
          73              10                16                19         4         9          1138          1153                 0                 0             29             42
          74               7                16                19        20        28          1020          1035                 0                 5             17             23
          75               5                19                19        18        18          2592          2592                57                57             19             19
          76              39                17                17        16        16          5285          5301                 0                 0            108            108
          77              89                20                20        21        21          1918          1941                 1                 2             32             34
          78               9                19                19         9        13          1549          1553                 0                 6             22             33
          79               6                16                19         3        10          1130          1136                 0                 2             28             38
          80              10                19                19        70        70          5201          5212               158               158             22             23
          81               6                17                17        18        18          2664          2666                 0                 0             91             91
          82              29                19                19        14        14          3190          3202                 0                 0             47             49
          83               9                19                19        16        16          1258          1263                24                24              8              8
          84              19                17                17        22        23          2638          2649                26                29              2              5
          85               6                18                18        20        20          2877          2877                25                25             50             50
          86               8                17                19        25        32           928           948                 0                 3             10             17
          87               9                19                20        14        19          1765          1776                19                22             20             25
          88               6                17                17        30        31          2262          2265                 0                 0             31             31
          89               6                16                17         3        11          1635          1638                 0                 0             43             52
          90               5                17                20         9        17           964           973                 0                 1             11             19
          91               5                20                20        55        55          3130          3130                14                14             13             13
          92               8                19                19        49        49          1628          1628                 0                 0             16             16
          93              21                20                20        14        14          1787          1795                20                20             25             25
          94              13                16                20        23        29          1692          1710                 0                 5             37             42
          95               6                17                17        10        10          2156          2166                 0                 0             49             50
          96               5                17                20        14        21          1881          1888                 0                 6             29             35
          97               5                20                20        32        32          3776          3776               126               126             17             17
          98               5                17                17        14        14          3417          3417                 0                 0             48             48
          99               7                17                20        22        27          1525          1539                 0                 6             18             23
         100               5                17                17        68        68         14733         14736                 0                 0             54             54
         101               6                20                20        36        36          3658          3667                 5                 5             44             44
         102               7                16                19         2         9           962           973                 0                 4             42             50
         103               7                19                19        76        76           993           996                 8                 8              8              8
         104               9                18                19        21        23          1337          1342                 0                 4             36             37
         105              13                20                20        11        11          3491          3507                54                54             11             14
         106               6                17                17         5         5          1596          1598                 0                 0             24             24
         107              25                20                20        11        11          3529          3547                54                54             12             15
         108               5                18                18        23        23          3074          3076                 0                 1             57             59
         109               5                20                20        21        21          3828          3831                13                13             56             56
         110               5                17                17        19        19           554           557                14                14              7              7
         111               7                17                20        15        27           911           922                 0                 5              6             14
         112              36                20                20         6         6          1300          1309                 0                 0             17             18
         113               6                18                18        10        10          1407          1407                 0                 0             49             49
         114               5                16                18        13        18          1690          1700                 0                 3             37             47
         115               5                20                20        12        17          1378          1382                12                13             13             16
         116               5                20                20        16        16          1905          1907                11                11             24             24
         117               6                18                18        75        75          6626          6634                 0                 0            109            109
         118               5                16                18         3         3          1052          1062                 0                 0             64             73
         119               6                19                20         9        12          1979          1985                 2                 4             37             39
         120               6                17                17         5         5          1358          1358                 0                 0             96             96
         121               5                16                20        13        17          1352          1359                 0                 6              8             17
         122               7                16                19        22        33           688           699                 0                 0             20             28
         123               4                17                20         2        13          1349          1353                 0                 2             18             21
         124               6                20                20        25        25          1664          1666                16                16             14             14
         125               8                19                20        12        14          1454          1473                 0                 3             41             45
         126               7                16                19        31        32          1137          1142                 0                 0             16             22
         127               5                18                20        13        16          1691          1691                 0                 6             30             30
         128               4                17                18        19        19          2428          2438                30                31             29             31
         129               6                18                20         5        14          1181          1194                 0                 3             22             26
         130               5                19                19        36        36          5677          5677                14                14            275            275
         131               5                17                19        21        21           870           875                 0                 5             22             25
         132               8                16                20         3        13          1196          1210                 0                 2             28             39
         133               8                20                20        39        39          6429          6437                31                31             54             55
         134               5                19                20        22        27          1501          1510                 0                 0             20             21
         135               5                19                19        14        14          3166          3176                 0                 0             46             47
         136               5                17                19        13        18           751           753                12                18              4             10
         137              10                20                20        20        21          2659          2667                26                26             19             20
         138               4                18                18         6        13          1451          1457                 0                 3             22             34