eps:         9.5
min_samples: 35
Silhouette score including outliers: 0.1727874277531439
Silhouette score excluding outliers: 0.5472620479383185

  Cluster ID    Cluster size    Min Dr Scratch    Max Dr Scratch    Min CC    Max CC    Min blocks    Max blocks    Min procedures    Max procedures    Min sprites    Max sprites
------------  --------------  ----------------  ----------------  --------  --------  ------------  ------------  ----------------  ----------------  -------------  -------------
          -1            4567                16                21         1       246             0         29378                 0               372              0            408
           0           11870                16                21         1        31            22           719                 0                18              1             37
           1              65                20                20        20        27          3197          3218                51                53             10             18
           2             286                16                21         1        22           717           780                 0                10              6             32
           3             131                17                17        19        19          2385          2417                30                30             27             30
           4              36                20                20        61        61          5401          5411                92                92             20             21
           5              52                16                20        28        31          1649          1670                 0                 2              9             15
           6              53                20                20        29        29          4414          4433                55                55             13             15
           7              59                16                20         5        19          1423          1448                 0                 2             24             35
           8              76                18                18        17        17          4561          4583                 8                 8             84             84
           9              36                19                20        60        60          5138          5149                11                11             32             32
          10             103                16                17       121       121           761           779                 3                 4              6              8
          11             105                16                21         2        15           796           821                 0                 8              1             32
          12              44                16                20         3        19          1311          1331                 0                 4             19             37
          13              95                16                21         3        18          1097          1131                 0                 9             11             34
          14              41                20                20        59        59         17724         17739               238               238             29             30
          15              40                17                17        16        16          5276          5301                 0                 0            107            108
          16              42                16                20         3        17          1137          1152                 0                 5             17             29
          17              98                17                20         6        22          1918          1934                 0                 6             30             41
          18              37                16                20         6         6          1300          1316                 0                 0             11             18
          19              32                16                20         2        11           817           831                 0                 5             14             29